$ 1 0.000005 10.20027730826997 50 5 50 5e-11
w 80 624 80 672 0
w 48 560 48 672 0
w 0 432 0 1120 0
w -64 320 -64 672 0
w -96 256 -96 672 0
w -144 176 -144 672 0
w -176 160 -176 672 0
w -208 32 -208 672 0
w -240 -48 -240 672 0
v -320 1024 -320 1120 0 1 50 220 0 0 0.5
s 48 752 48 672 0 1 false
w 864 0 864 -32 0
181 864 0 816 0 0 300.0000000000058 100 220 0.001 0.001
w 1120 0 1120 -32 0
w 1072 0 1072 -48 0
181 1120 0 1072 0 0 300.0000000000058 100 220 0.001 0.001
w 864 -32 1120 -32 0
s 80 752 80 672 0 1 false
s -240 752 -240 672 0 1 false
s -208 752 -208 672 0 1 false
s -96 752 -96 672 0 1 false
s -64 752 -64 672 0 1 false
404 -320 960 -320 1024 0 0.0613 6.73 1.5555716719030956 false
w -320 960 -240 960 0
w -240 960 -208 960 0
w -208 960 -96 960 0
w -96 960 -64 960 0
w -64 960 48 960 0
w 48 960 80 960 0
w 112 672 112 1120 0
w -32 336 -32 1120 0
w -176 672 -176 1120 0
w -320 1120 -176 1120 0
w -32 1120 0 1120 0
w -144 672 -144 1120 0
w -176 1120 -144 1120 0
w -144 1120 -32 1120 0
w 784 -16 896 -16 0
w 896 -16 896 16 0
w 896 16 864 16 0
w 896 -16 1152 -16 0
w 1152 -16 1152 16 0
w 1152 16 1120 16 0
w 864 -32 784 -32 0
w 816 0 816 -48 0
w 1072 -48 816 -48 0
w 816 -48 784 -48 0
w 288 16 256 16 0
w 544 16 288 16 0
w 288 64 288 16 0
w 336 32 256 32 0
w 624 80 592 80 0
w 624 48 624 80 0
w 368 48 624 48 0
w 368 80 336 80 0
w 368 48 368 80 0
w 256 48 368 48 0
w 336 32 592 32 0
181 592 64 544 64 0 300.0000000000058 100 220 0.001 0.001
w 544 64 544 16 0
w 592 64 592 32 0
181 336 64 288 64 0 300.0000000000058 100 220 0.001 0.001
w 336 64 336 32 0
w 784 -48 -240 -48 0
w 784 -16 -144 -16 0
w 256 16 -176 16 0
w -176 -32 784 -32 0
w 256 32 -208 32 0
w 256 48 -144 48 0
w -144 176 -144 48 0
w -176 160 -176 16 0
w 336 368 336 336 0
181 336 368 288 368 0 300.0000000000058 100 220 0.001 0.001
w 592 368 592 336 0
w 544 368 544 320 0
181 592 368 544 368 0 300.0000000000058 100 220 0.001 0.001
w 336 336 592 336 0
w 256 352 368 352 0
w 368 352 368 384 0
w 368 384 336 384 0
w 368 352 624 352 0
w 624 352 624 384 0
w 624 384 592 384 0
w 336 336 256 336 0
w 288 368 288 320 0
w 544 320 288 320 0
w 288 320 256 320 0
w 816 256 784 256 0
w 1072 256 816 256 0
w 816 304 816 256 0
w 864 272 784 272 0
w 1152 320 1120 320 0
w 1152 288 1152 320 0
w 896 288 1152 288 0
w 896 320 864 320 0
w 896 288 896 320 0
w 784 288 896 288 0
w 864 272 1120 272 0
181 1120 304 1072 304 0 300.0000000000058 100 220 0.001 0.001
w 1072 304 1072 256 0
w 1120 304 1120 272 0
181 864 304 816 304 0 300.0000000000058 100 220 0.001 0.001
w 864 304 864 272 0
w 0 1120 112 1120 0
w 112 1120 144 1120 0
w 144 672 144 1120 0
w 864 608 864 576 0
181 864 608 816 608 0 300.0000000000058 100 220 0.001 0.001
w 1120 608 1120 576 0
w 1072 608 1072 560 0
181 1120 608 1072 608 0 300.0000000000058 100 220 0.001 0.001
w 864 576 1120 576 0
w 784 592 896 592 0
w 896 592 896 624 0
w 896 624 864 624 0
w 896 592 1152 592 0
w 1152 592 1152 624 0
w 1152 624 1120 624 0
w 864 576 784 576 0
w 816 608 816 560 0
w 1072 560 816 560 0
w 816 560 784 560 0
w 288 624 256 624 0
w 544 624 288 624 0
w 288 672 288 624 0
w 336 640 256 640 0
w 624 688 592 688 0
w 624 656 624 688 0
w 368 656 624 656 0
w 368 688 336 688 0
w 368 656 368 688 0
w 256 656 368 656 0
w 336 640 592 640 0
181 592 672 544 672 0 300.0000000000058 100 220 0.001 0.001
w 544 672 544 624 0
w 592 672 592 640 0
181 336 672 288 672 0 300.0000000000058 100 220 0.001 0.001
w 336 672 336 640 0
w 784 256 -96 256 0
w 784 560 48 560 0
w 256 320 -64 320 0
w 784 272 -32 272 0
w 784 288 0 288 0
w 0 432 0 352 0
w 256 336 -32 336 0
w 256 352 0 352 0
w 0 352 0 288 0
w -32 336 -32 272 0
w 256 656 144 656 0
w 784 592 144 592 0
w 80 624 256 624 0
w 784 576 112 576 0
w 256 640 112 640 0
b -279 -72 -97 81 0
b -115 225 19 378 0
b 35 536 169 689 0
x -274 129 -250 132 4 13 BLK
x 1186 -10 1250 -7 4 21 LINE\s1
x -231 129 -213 132 4 13 BR
x -195 129 -180 132 4 13 BL
x -169 128 -147 131 4 13 Y/G
x 44 268 59 271 4 13 BL
x 42 252 60 255 4 13 BR
x 40 285 62 288 4 13 Y/G
x 119 348 141 351 4 13 Y/G
x 124 332 139 335 4 13 BL
x 123 314 141 317 4 13 BR
x 196 554 214 557 4 13 BR
x 191 621 209 624 4 13 BR
x 197 574 212 577 4 13 BL
x 192 637 207 640 4 13 BL
x 192 590 214 593 4 13 Y/G
x 190 653 212 656 4 13 Y/G
x 1183 299 1247 302 4 21 LINE\s2
x 1183 587 1247 590 4 21 LINE\s3
x 970 -19 992 -16 4 13 Y/G
x 974 -36 989 -33 4 13 BL
x 972 -54 990 -51 4 13 BR
b 960 -80 1005 0 0
b 240 -80 1276 114 0
w -144 48 -144 -16 0
w -176 16 -176 -32 0
x 956 250 974 253 4 13 BR
x 958 268 973 271 4 13 BL
x 955 285 977 288 4 13 Y/G
b 945 224 990 304 0
b 959 530 1004 610 0
b 27 226 72 306 0
b -40 -74 5 6 0
b 129 -7 174 73 0
b 110 296 155 376 0
b 429 -3 474 77 0
w 112 672 112 640 0
w 112 640 112 576 0
w 144 672 144 656 0
w 144 656 144 592 0
b 242 187 1278 445 0
b 247 493 1283 735 0
b -287 100 -114 148 0
b -134 424 39 472 0
x 972 554 990 557 4 13 BR
x 974 572 989 575 4 13 BL
x 968 588 990 591 4 13 Y/G
x 442 348 464 351 4 13 Y/G
x 433 655 455 658 4 13 Y/G
x 438 635 453 638 4 13 BL
x 446 332 461 335 4 13 BL
x 445 314 463 317 4 13 BR
x 438 616 456 619 4 13 BR
b 430 295 475 375 0
b 421 598 466 678 0
x 442 9 460 12 4 13 BR
x 144 8 162 11 4 13 BR
x 142 28 157 31 4 13 BL
x 446 28 461 31 4 13 BL
x 138 45 160 48 4 13 Y/G
x 442 45 464 48 4 13 Y/G
x -20 -54 -2 -51 4 13 BR
x -18 -36 -3 -33 4 13 BL
x -22 -19 0 -16 4 13 Y/G
b 180 520 225 600 0
b 180 606 225 686 0
x -128 452 -104 455 4 13 BLK
x -88 452 -70 455 4 13 BR
x -54 451 -39 454 4 13 BL
x -26 451 -4 454 4 13 Y/G
x -266 716 -250 719 4 8 S1.1
x -234 716 -218 719 4 8 S1.2
x -122 716 -106 719 4 8 S2.1
x -90 716 -74 719 4 8 S2.2
x 22 716 38 719 4 8 S3.1
x 54 716 70 719 4 8 S3.2
x -266 780 -257 783 4 8 F1
x -234 780 -225 783 4 8 F2
x -122 780 -113 783 4 8 F3
x -90 780 -81 783 4 8 F4
x 22 780 31 783 4 8 F5
x 59 780 68 783 4 8 F6
x -323 942 -308 945 4 21 R
x -381 1050 -333 1053 4 21 220V
x -273 -83 -249 -80 4 13 SP1
x -113 217 -89 220 4 13 SP2
x 47 525 71 528 4 13 SP3
w -240 752 -240 960 0
w -208 752 -208 960 0
w -96 752 -96 960 0
w -64 752 -64 960 0
w 48 752 48 960 0
w 80 752 80 960 0
